%YAML:1.0
---
sx: 1.0918260719727066e+00
sy: -4.3616590422864333e+06
sw: 6.0047072904497256e-01
